 10045 
 10110 
 10129 
 1017 
 1030 
 10340 
 10442 
 104926 
 105010 
 10522 
 10541 
 1057 
 1068 
 10788 
 10800 
 10824 
 10908 
 10943 
 10986 
 11 
 11040 
 11167 
 11251 
 11334 
 1146 
 114994 
 11505 
 115224 
 11552 
 11568 
 11571 
 11761 
 11813 
 118193 
 1183 
 11852 
 11855 
 11883 
 12075 
 122087 
 12232 
 123671 
 12374 
 12560 
 12586 
 12661 
 12668 
 12699 
 12932 
 12967 
 13165 
 13263 
 13521 
 13709 
 13745 
 13836 
 14199 
 14210 
 14215 
 14337 
 14716 
 14775 
 14798 
 14806 
 14814 
 1483 
 1486 
 149096 
 14915 
 1493 
 14994 
 15531 
 15600 
 15625 
 1570 
 15787 
 15910 
 15939 
 15965 
 16043 
 16116 
 16183 
 16322 
 164825 
 167155 
 16726 
 168842 
 17097 
 17142 
 1727 
 17312 
 1732 
 174 
 17432 
 1752 
 17520 
 17531 
 17596 
 175967 
 176 
 176879 
 177 
 177861 
 177863 
 18529 
 186907 
 18692 
 19283 
 19402 
 19649 
 19700 
 1988 
 20011 
 2078 
 2086 
 21152 
 213012 
 213013 
 213016 
 213021 
 213031 
 2153 
 21803 
 22188 
 222 
 22206 
 22311 
 2256 
 22563 
 2268 
 2272 
 22947 
 22985 
 2314 
 2319 
 2328 
 23284 
 2336 
 2347 
 23558 
 24007 
 241 
 24288 
 243 
 24373 
 244 
 24414 
 24425 
 24436 
 24459 
 24488 
 24489 
 2450 
 24502 
 24504 
 24526 
 24588 
 24589 
 24597 
 24722 
 24726 
 24773 
 24798 
 24817 
 24870 
 24874 
 24924 
 24934 
 24947 
 24962 
 24965 
 25059 
 25154 
 2519 
 25204 
 253881 
 25408 
 25429 
 25514 
 25517 
 2566 
 25960 
 26041 
 26042 
 26077 
 261 
 26126 
 26127 
 263 
 2662 
 2723650 
 2723789 
 2723790 
 2724385 
 2730 
 2733526 
 2735101 
 2771 
 27982 
 28263 
 284 
 2879 
 289 
 2912 
 2950 
 2969 
 299 
 300 
 3000540 
 3000605 
 3017 
 3026 
 3030 
 3032581 
 3032791 
 3034285 
 3034287 
 3034368 
 3036 
 3039 
 30692 
 3082 
 3100 
 3102 
 31070 
 3120 
 31200 
 3121 
 31215 
 31236 
 31261 
 31272 
 31275 
 31289 
 31356 
 31357 
 31373 
 31404 
 31423 
 31703 
 3224 
 3225 
 32490 
 33 
 33344 
 3347 
 335 
 33500 
 3352 
 33528 
 33557 
 33613 
 3374 
 338 
 3385 
 3391107 
 33934 
 34192 
 342 
 3423265 
 34526 
 3463 
 3485 
 3496 
 356 
 3598 
 3614338 
 36324 
 3639 
 36392 
 36400 
 3657 
 36679 
 3676 
 37123 
 3715 
 3776 
 37829 
 379 
 38018 
 38078 
 3823 
 38283 
 38479 
 3893 
 39327 
 39385 
 39676 
 39800 
 39848 
 39965 
 4004 
 40087 
 402 
 403 
 40326 
 40470 
 40585 
 409301 
 4115 
 4130 
 41368 
 41381 
 41428 
 41478 
 415267 
 4156 
 4169 
 4243 
 4284 
 433294 
 43815 
 439504 
 440917 
 44093 
 441145 
 4420 
 442495 
 443031 
 444795 
 444972 
 445925 
 447466 
 451741 
 4560140 
 456201 
 4583 
 460 
 4632 
 4684 
 4685 
 469625 
 47491 
 47576 
 4767 
 47866 
 47898 
 4807 
 48132 
 4873 
 4928 
 4929 
 4931 
 4933 
 4936 
 4937 
 4944 
 4947 
 50367 
 50516 
 5053 
 5054 
 5062352 
 5075889 
 50980 
 51556 
 51605 
 516859 
 516892 
 516902 
 517055 
 517121 
 517202 
 5216 
 5234 
 5235 
 5237 
 5266 
 527 
 5280440 
 5281167 
 5281872 
 5281873 
 5281874 
 5281875 
 5282379 
 5284359 
 5284462 
 5284478 
 5284484 
 5284498 
 5284619 
 5289394 
 52997 
 53232 
 5327 
 533728 
 5353395 
 5353959 
 5356392 
 5357179 
 5362487 
 5363265 
 5364079 
 5364361 
 5366415 
 5371560 
 5383 
 5388962 
 5392 
 5430 
 54382 
 54454 
 5447 
 5453 
 54738 
 54740 
 54901 
 5493321 
 5538 
 5543 
 5564 
 5569 
 56160 
 5702077 
 5702243 
 5756 
 5757 
 5794 
 5842000 
 5853 
 5870 
 5889 
 5897 
 5921 
 5943 
 5954 
 5959 
 5991 
 5994 
 6 
 60823 
 6113 
 6115 
 6124 
 61247 
 6129 
 6173 
 61828 
 61948 
 62010 
 62037 
 62067 
 6212 
 6214 
 62155 
 6227 
 62276 
 6228 
 62389 
 62478 
 62738 
 6278 
 62827 
 6294 
 6318 
 6323 
 6336 
 6342 
 6348 
 6359 
 6363 
 6365 
 6366 
 637511 
 638012 
 638081 
 6385 
 6386 
 6395 
 6405 
 6407 
 6410 
 6417 
 6419 
 6421 
 6423 
 6492 
 6505 
 6540 
 6549 
 6559 
 6560 
 6570 
 6573 
 6575 
 6579 
 6581 
 6584 
 6585 
 6590 
 6597 
 66 
 6616 
 6618 
 6623 
 6643 
 6654 
 6658 
 6719 
 6720 
 6734 
 6739 
 674 
 67542 
 6758 
 6781 
 67818 
 6782 
 6786 
 679 
 6811 
 68245 
 6853 
 6860 
 6899 
 6909 
 6914 
 6944 
 6946 
 6947 
 6954 
 6977 
 6988 
 6998 
 700 
 7000 
 7017 
 702 
 7048 
 712 
 7153 
 7158 
 7175 
 7184 
 71905 
 7198 
 7220 
 7237 
 7239 
 7242 
 7244 
 7245 
 7247 
 7255 
 7258 
 7261 
 727 
 7271 
 7276 
 7285 
 7288 
 7294 
 7295 
 73281 
 73282 
 7343 
 7344 
 7352 
 7354 
 73673 
 7372 
 7393 
 7406 
 7410 
 7416 
 7422 
 7423 
 7430 
 7434 
 7444 
 74483 
 7456 
 7463 
 7468 
 7473 
 7501 
 7504 
 7505 
 75103 
 7547 
 7564 
 757 
 7577 
 7618 
 7622 
 7628 
 7700 
 7720 
 7725 
 7732 
 7735 
 7761 
 7762 
 77797 
 7808 
 7809 
 7813 
 7839 
 7847 
 785 
 7852 
 7855 
 7858 
 7859 
 7870 
 7896 
 7900 
 7923 
 7929 
 7933 
 7934 
 7947 
 7963 
 7964 
 7966 
 7975 
 7977 
 7997 
 8003 
 8007 
 8021 
 8029 
 8034 
 8058 
 8063 
 8064 
 8066 
 8075 
 8076 
 8078 
 8079 
 8083 
 8094 
 8102 
 8110 
 8113 
 8130 
 8133 
 8134 
 8158 
 8160 
 8175 
 8193 
 8227 
 8285 
 8289 
 8294 
 8343 
 8376 
 8378 
 8379 
 84029 
 8413 
 8418 
 8427 
 8434 
 8449 
 8461 
 8467 
 8471 
 8554 
 8560 
 8571 
 8606 
 8607 
 86132 
 86173 
 86222 
 86233 
 8635 
 86356 
 86367 
 86398 
 86426 
 86429 
 86453 
 8693 
 8738 
 8758 
 8783 
 8814 
 8842 
 8846 
 8857 
 887 
 8900 
 8908 
 8909 
 89440 
 89594 
 9015 
 9144 
 91497 
 9153 
 9154 
 91590 
 91688 
 91699 
 91739 
 91744 
 91751 
 91753 
 91757 
 91759 
 91766 
 91779 
 92431 
 92433 
 9253 
 9268 
 92839 
 931 
 9317 
 9321 
 93539 
 938 
 9411 
 949 
 9554 
 957 
 980 
 9864 
 992 
 995 
