 10066 
 10110 
 10112 
 10129 
 1017 
 1030 
 10340 
 10442 
 10476 
 10477 
 10482 
 104926 
 105010 
 10522 
 10541 
 10563 
 10564 
 1057 
 1068 
 10686 
 107646 
 10788 
 10800 
 10824 
 10900 
 10908 
 10943 
 10977 
 10986 
 10998 
 11 
 11057 
 11137 
 11167 
 11169 
 11251 
 11312 
 1133 
 11334 
 11349 
 11430 
 11443 
 1146 
 11463 
 11499 
 114994 
 115224 
 11552 
 11568 
 11571 
 11727 
 11761 
 11813 
 1183 
 11852 
 11855 
 11883 
 11899 
 12067 
 12075 
 122087 
 12232 
 12348 
 123591 
 123671 
 12374 
 12418 
 12433 
 1254 
 12560 
 12586 
 12668 
 12699 
 12749 
 12902 
 12932 
 12958 
 12967 
 13165 
 13195 
 13263 
 13387 
 13450 
 13521 
 13526 
 13709 
 13745 
 13836 
 13904 
 14012 
 14013 
 14210 
 14215 
 14337 
 14410 
 14716 
 14771 
 14775 
 14783 
 14797 
 14798 
 14806 
 14814 
 14819 
 14827 
 1483 
 1486 
 14896 
 14915 
 1493 
 14993 
 15103 
 15413 
 15531 
 15553 
 15600 
 15625 
 1570 
 15787 
 15910 
 15939 
 15965 
 16043 
 16116 
 16181 
 16183 
 16322 
 16681 
 167155 
 16726 
 1674 
 168842 
 17097 
 17100 
 1727 
 1732 
 17345 
 174 
 17432 
 1752 
 17520 
 17531 
 17596 
 175967 
 176 
 176879 
 177 
 177861 
 177863 
 18502 
 18555 
 18617 
 186907 
 18692 
 19001 
 19283 
 19402 
 196 
 19649 
 19700 
 1982 
 1988 
 20011 
 20083 
 20431 
 2078 
 20803 
 20804 
 2086 
 2087 
 21152 
 21202 
 21223 
 213012 
 213016 
 213021 
 213031 
 2153 
 21803 
 22188 
 222 
 22206 
 222548 
 22311 
 2244 
 2256 
 22563 
 2268 
 2272 
 22947 
 22985 
 2314 
 2319 
 2328 
 23284 
 2336 
 2345 
 2347 
 23558 
 237332 
 23951 
 24007 
 24008 
 241 
 24203 
 24243 
 24268 
 24288 
 243 
 24373 
 244 
 24408 
 24425 
 24434 
 24436 
 24437 
 24459 
 2450 
 24502 
 24504 
 24524 
 24526 
 24540 
 24572 
 24588 
 24589 
 24595 
 24597 
 24600 
 24610 
 24639 
 24671 
 24672 
 246728 
 24722 
 24726 
 24752 
 24773 
 24814 
 24817 
 24870 
 24924 
 24930 
 24934 
 24947 
 24962 
 24965 
 25059 
 25146 
 25154 
 2519 
 2520 
 25204 
 2537 
 253877 
 253881 
 25408 
 25429 
 25514 
 25517 
 25519 
 25544 
 2566 
 25960 
 26041 
 26042 
 26077 
 261 
 26126 
 26127 
 26177 
 263 
 2723650 
 2723789 
 2723790 
 2724385 
 2730 
 2735101 
 2758 
 27872 
 27982 
 280 
 284 
 2871 
 2879 
 289 
 2912 
 2969 
 299 
 300 
 3000605 
 301118 
 3017 
 3026 
 3030 
 3032581 
 3032791 
 3034285 
 3034368 
 3035 
 3036 
 3039 
 30552 
 30692 
 3082 
 3100 
 3102 
 31070 
 311 
 3120 
 31200 
 3121 
 31215 
 31236 
 31261 
 31272 
 31275 
 31289 
 31356 
 31357 
 31373 
 31404 
 31423 
 31957 
 3224 
 3225 
 32490 
 32881 
 33 
 33344 
 3347 
 335 
 3352 
 33528 
 33557 
 33613 
 33775 
 3385 
 3391107 
 33934 
 34007 
 34192 
 342 
 3423265 
 34468 
 34526 
 3485 
 3496 
 3507056 
 3520 
 356 
 3598 
 3614338 
 36324 
 36392 
 36400 
 3657 
 36573 
 36679 
 37123 
 3715 
 3776 
 37829 
 37840 
 379 
 38018 
 38037 
 38078 
 38283 
 38479 
 3893 
 39327 
 39385 
 39676 
 39800 
 39848 
 39965 
 4004 
 40087 
 402 
 403 
 40326 
 40470 
 40585 
 40896 
 409301 
 4101 
 4115 
 4130 
 41368 
 41381 
 41428 
 41478 
 415267 
 4156 
 4169 
 422111 
 4284 
 433294 
 43815 
 439196 
 4407718 
 440917 
 441071 
 4420 
 442400 
 444795 
 444972 
 445639 
 445925 
 446094 
 446512 
 447466 
 4539 
 454 
 4560140 
 4584 
 4632 
 4684 
 4685 
 469625 
 47491 
 4767 
 47866 
 47898 
 4793 
 4807 
 48132 
 4873 
 4928 
 4929 
 4931 
 4933 
 4936 
 4944 
 50367 
 50465 
 50516 
 5053 
 5054 
 5075889 
 50980 
 5111791 
 5143 
 5150303 
 51556 
 51605 
 516859 
 516892 
 516902 
 516951 
 517055 
 517121 
 517202 
 5216 
 5234 
 5235 
 5237 
 527 
 5281 
 5281045 
 5281167 
 5281547 
 5281548 
 5281555 
 5281872 
 5281873 
 5281874 
 5281875 
 5282253 
 5282379 
 5284359 
 5284406 
 5284461 
 5284462 
 5284484 
 5284498 
 529495 
 52997 
 5320807 
 5324279 
 5324280 
 5327 
 533728 
 5344 
 5353395 
 5353844 
 5357179 
 5362487 
 5363265 
 5364079 
 5364361 
 5366415 
 5369990 
 5371560 
 5371904 
 5383 
 5392 
 5430 
 54382 
 54454 
 5447 
 5453 
 5458294 
 5460467 
 5463781 
 5468826 
 54738 
 54740 
 5485188 
 54901 
 5493321 
 5538 
 5541 
 5558 
 5564 
 5569 
 5570 
 56160 
 572296 
 5757 
 5759 
 5794 
 579619 
 5801 
 5821911 
 583586 
 5842000 
 5851245 
 5853 
 5870 
 5889 
 5889665 
 5897 
 5921 
 5931 
 5943 
 5954 
 5959 
 5971 
 5991 
 6 
 6049 
 6051 
 60823 
 6099 
 61021 
 6113 
 6115 
 612 
 6124 
 61247 
 61249 
 6129 
 6144 
 61585 
 61697 
 6173 
 61828 
 6184 
 6191 
 61948 
 62010 
 62037 
 62067 
 6212 
 6214 
 62155 
 62276 
 6228 
 6230 
 62389 
 62478 
 6269 
 6270 
 62738 
 6278 
 62827 
 6294 
 6296 
 6297 
 6318 
 6323 
 6326 
 6327 
 6333 
 6336 
 6342 
 6344 
 6348 
 6354 
 6356 
 6363 
 6365 
 6366 
 6367 
 6375 
 637566 
 6379 
 638081 
 638186 
 6386 
 6394 
 6395 
 6405 
 6406 
 6410 
 6417 
 6419 
 6421 
 6423 
 643460 
 643833 
 6492 
 6497 
 6505 
 6511 
 6518 
 6527 
 6540 
 6549 
 6556 
 6557 
 6560 
 656671 
 6573 
 6575 
 6579 
 6581 
 6584 
 6585 
 6590 
 6597 
 66 
 6616 
 6618 
 6619 
 6623 
 6629 
 6643 
 6654 
 6658 
 67180 
 6719 
 6720 
 6734 
 6739 
 674 
 6758 
 6781 
 67815 
 6782 
 6786 
 6787 
 679 
 6799 
 6810 
 6811 
 6819 
 6824 
 68245 
 6838 
 6853 
 6854 
 6860 
 6896 
 6899 
 6909 
 6914 
 6931 
 6944 
 6945 
 6946 
 6947 
 6954 
 6977 
 6979 
 697993 
 6989 
 6998 
 700 
 7000 
 7017 
 702 
 7026 
 7040 
 7048 
 7070 
 712 
 7153 
 7158 
 71645 
 7175 
 7184 
 7198 
 7207 
 7220 
 7237 
 7239 
 7242 
 7243 
 7245 
 7247 
 7252 
 7255 
 7258 
 7261 
 727 
 7271 
 7274 
 7276 
 7285 
 7288 
 73226 
 73281 
 73282 
 7343 
 7344 
 7352 
 7354 
 73673 
 7393 
 7394 
 7406 
 7410 
 7412 
 7416 
 7422 
 7423 
 7430 
 7434 
 7444 
 74483 
 7456 
 7463 
 7471 
 7473 
 7474 
 7475 
 7489 
 7500 
 7501 
 7504 
 7505 
 75103 
 753 
 7547 
 7564 
 757 
 7577 
 7579 
 7580 
 7583 
 7618 
 7628 
 768 
 7700 
 7720 
 7732 
 7735 
 7761 
 7762 
 77797 
 7807 
 7809 
 7813 
 7835 
 7839 
 7840 
 7847 
 785 
 7852 
 7853 
 7855 
 7858 
 7859 
 7863 
 7870 
 7900 
 7904 
 7923 
 7929 
 7933 
 7934 
 7947 
 7958 
 7963 
 7964 
 7966 
 7970 
 7975 
 7997 
 8003 
 8007 
 8019 
 8021 
 8028 
 8029 
 8034 
 8038 
 8054 
 8058 
 8063 
 8064 
 8066 
 8076 
 8078 
 8079 
 8083 
 8087 
 8094 
 8095 
 8102 
 8113 
 8117 
 8130 
 8133 
 8134 
 8146 
 8158 
 8160 
 8165 
 8172 
 8177 
 8179 
 8193 
 8200 
 8227 
 8268 
 8285 
 8289 
 8294 
 8295 
 8330 
 8343 
 8346 
 8370 
 8376 
 8378 
 8379 
 8393 
 83975 
 8418 
 8427 
 8434 
 8449 
 8461 
 8466 
 8467 
 8471 
 8479 
 8489 
 8490 
 8492 
 8554 
 8560 
 85689 
 8569 
 8570 
 8571 
 8572 
 8578 
 8606 
 8607 
 86132 
 86173 
 86222 
 86233 
 86298 
 8635 
 86354 
 86356 
 86367 
 86398 
 86426 
 86429 
 86453 
 8663 
 867 
 8693 
 8697 
 8738 
 8758 
 8779 
 878 
 8783 
 8795 
 8809 
 8814 
 8821 
 8842 
 8846 
 8853 
 8857 
 887 
 8900 
 8908 
 8909 
 89440 
 89594 
 9015 
 9106 
 9117 
 91497 
 91518 
 9154 
 91590 
 91688 
 91696 
 91699 
 9171 
 91739 
 91744 
 91751 
 91752 
 91753 
 91757 
 91758 
 91759 
 91766 
 91778 
 91779 
 9181 
 9237 
 92431 
 92433 
 9253 
 9265 
 92839 
 931 
 9317 
 9321 
 93379 
 93539 
 938 
 9411 
 944 
 949 
 9492 
 9554 
 957 
 9609 
 9731 
 980 
 9864 
 992 
 995 
