 1004 
 10045 
 10066 
 10107 
 10110 
 10112 
 10129 
 101525 
 1017 
 10234 
 1030 
 1031 
 1032 
 10340 
 10405 
 10430 
 10442 
 1045 
 10452 
 10453 
 10476 
 10477 
 10481 
 10482 
 1049 
 104926 
 105010 
 10522 
 10541 
 10563 
 10564 
 1057 
 10667 
 1068 
 10686 
 10687 
 107646 
 107720 
 107760 
 10788 
 10800 
 10813 
 108177 
 10824 
 10900 
 10908 
 10943 
 10961 
 10977 
 10986 
 10998 
 11 
 11005 
 11040 
 11057 
 1110 
 11123 
 11124 
 11137 
 11167 
 11169 
 11192 
 11236 
 11241 
 11251 
 11294 
 11312 
 1133 
 11334 
 11335 
 11349 
 11430 
 11443 
 1146 
 11463 
 11487 
 11499 
 114994 
 115003 
 11505 
 115224 
 11552 
 11568 
 11571 
 11583 
 11591 
 11704 
 11723 
 11727 
 1176 
 11761 
 117971 
 11813 
 118193 
 1183 
 11852 
 11855 
 11859 
 11883 
 11899 
 12008 
 12067 
 12075 
 12130 
 122087 
 12232 
 123382 
 12348 
 123591 
 123622 
 123626 
 123671 
 12374 
 12418 
 12433 
 12463 
 12468 
 1254 
 12541 
 12550 
 12560 
 12563 
 12586 
 12643 
 12661 
 12668 
 12699 
 12749 
 12898 
 12902 
 12932 
 12958 
 12967 
 12968 
 13081 
 13165 
 13195 
 13263 
 13290 
 13360 
 13387 
 13450 
 135 
 13521 
 13526 
 13551 
 13636 
 13676 
 13689 
 13707 
 13709 
 13721 
 13728 
 13745 
 13814 
 13836 
 13838 
 13904 
 13940 
 14012 
 14013 
 14119 
 14199 
 14210 
 14215 
 14337 
 14410 
 14421 
 14457 
 145326 
 14716 
 14771 
 14775 
 14783 
 14797 
 14798 
 1480 
 14802 
 14806 
 14814 
 14819 
 14821 
 14827 
 14828 
 1483 
 14840 
 14855 
 1486 
 14896 
 149096 
 14915 
 14923 
 1493 
 14945 
 14957 
 14992 
 14993 
 14994 
 15098 
 15103 
 15122 
 15331 
 153909 
 153974 
 15413 
 15415 
 15450 
 1549107 
 1549109 
 15529 
 15530 
 15531 
 15533 
 15546 
 15553 
 15600 
 15625 
 15666 
 1567 
 1570 
 15787 
 15797 
 15804 
 15910 
 15939 
 15965 
 15969 
 15997 
 16002 
 16003 
 16043 
 16073 
 16115 
 16116 
 16180 
 16181 
 16183 
 16247 
 16248 
 16322 
 16380 
 1639 
 16421 
 16422 
 164825 
 16562 
 16584 
 16606 
 16653 
 16681 
 16686 
 167155 
 16720 
 16726 
 1674 
 16787 
 16811 
 168842 
 16945 
 170012 
 17038 
 17097 
 17100 
 17109 
 17110 
 17142 
 17151 
 17168 
 1727 
 17312 
 1732 
 17345 
 17349 
 17351 
 174 
 17432 
 17435 
 17516 
 1752 
 17520 
 17522 
 17531 
 17563 
 17564 
 17581 
 17596 
 175967 
 176 
 17604 
 176879 
 17693 
 177 
 17722 
 177861 
 177863 
 17818 
 17947 
 180089 
 18290 
 18502 
 18529 
 18555 
 18616 
 18617 
 18621 
 18636 
 186907 
 18692 
 18752 
 18771 
 18996 
 19001 
 19283 
 19395 
 19402 
 19463 
 19519 
 196 
 19649 
 19700 
 1982 
 19841 
 1988 
 19958 
 20011 
 20056 
 20083 
 20382 
 20431 
 20525 
 2078 
 20803 
 20804 
 20848 
 2086 
 2087 
 20965 
 21013 
 21058 
 21152 
 21202 
 21223 
 2124 
 213012 
 213013 
 213016 
 213021 
 213029 
 213030 
 213031 
 213032 
 21307 
 21330 
 2153 
 21803 
 21954 
 220601 
 22094 
 22188 
 222 
 22206 
 222547 
 222548 
 22311 
 2244 
 22544 
 2256 
 22563 
 2268 
 2272 
 22947 
 22985 
 2314 
 2319 
 2328 
 23284 
 2331 
 2336 
 2345 
 2347 
 23558 
 237 
 23717 
 237332 
 23931 
 23951 
 23954 
 24007 
 24008 
 24012 
 24014 
 2406 
 24085 
 241 
 24203 
 24243 
 24247 
 24261 
 24268 
 24288 
 24290 
 243 
 24373 
 24380 
 24385 
 24393 
 244 
 24408 
 24414 
 24424 
 24425 
 24434 
 24436 
 24437 
 24459 
 24462 
 24463 
 24470 
 24482 
 24485 
 24488 
 24489 
 2450 
 24500 
 24502 
 24504 
 24524 
 24526 
 24540 
 24572 
 24586 
 24588 
 24589 
 24595 
 24597 
 24600 
 24610 
 24611 
 24614 
 24639 
 24671 
 24672 
 246728 
 24678 
 24685 
 24722 
 24726 
 24738 
 24744 
 24752 
 24756 
 24764 
 24773 
 24798 
 24814 
 24817 
 24826 
 24833 
 24850 
 24861 
 24870 
 24874 
 24924 
 24930 
 24934 
 24947 
 24962 
 24965 
 25059 
 25146 
 25154 
 2519 
 2520 
 25204 
 25251 
 2537 
 253877 
 253881 
 25408 
 25423 
 25429 
 25514 
 25517 
 25519 
 25544 
 2566 
 25670 
 25736 
 258 
 25960 
 26041 
 26042 
 26053 
 26077 
 261 
 26126 
 26127 
 26164 
 26177 
 26229 
 263 
 264 
 26597 
 2662 
 26633 
 26710 
 2682 
 27189 
 2723 
 2723650 
 2723706 
 2723789 
 2723790 
 2724247 
 2724360 
 2724361 
 2724362 
 2724385 
 2728 
 273 
 2730 
 2733526 
 2735101 
 2735111 
 27375 
 2758 
 2771 
 2771871 
 27872 
 27982 
 280 
 28015 
 28145 
 28263 
 28292 
 284 
 28700 
 2871 
 28777 
 28780 
 2879 
 289 
 28935 
 28936 
 2912 
 29307 
 29393 
 2950 
 2969 
 299 
 29910 
 300 
 3000540 
 3000605 
 3002335 
 301118 
 3017 
 3023 
 3026 
 3030 
 3031 
 30318 
 3032540 
 3032581 
 3032604 
 3032791 
 3032840 
 3034285 
 3034287 
 3034368 
 3035 
 3036 
 3037 
 3038293 
 3039 
 30479 
 3048 
 30552 
 30692 
 30709 
 3073 
 30773 
 3080636 
 3081367 
 3082 
 30859 
 3086172 
 30913 
 3092 
 3100 
 3102 
 31070 
 311 
 3117 
 3118 
 3120 
 31200 
 3121 
 31215 
 31217 
 31222 
 31236 
 31256 
 31261 
 31272 
 31275 
 31288 
 31289 
 31296 
 31297 
 31337 
 31343 
 31347 
 31356 
 31357 
 31373 
 31374 
 31404 
 31423 
 31645 
 31657 
 31677 
 31703 
 31899 
 31957 
 32184 
 3224 
 3225 
 32381 
 3246019 
 32490 
 32739 
 3286 
 32881 
 3289 
 32928 
 33 
 3301 
 3314 
 33256 
 33257 
 3327 
 33286 
 33344 
 33360 
 3346 
 3347 
 335 
 33500 
 3352 
 33528 
 33557 
 33565 
 33613 
 3374 
 33775 
 338 
 3385 
 3391107 
 33934 
 34 
 34007 
 3417419 
 34192 
 342 
 3423265 
 3444 
 34468 
 34526 
 3463 
 3467 
 34697 
 34763 
 34766 
 3485 
 3496 
 3507056 
 3520 
 356 
 3598 
 3614338 
 36183 
 36324 
 3639 
 36392 
 36400 
 36565 
 3657 
 36573 
 36606 
 36679 
 3676 
 36879 
 37123 
 37125 
 3714831 
 3715 
 37175 
 37517 
 3776 
 37829 
 37840 
 379 
 37995 
 38018 
 38037 
 38078 
 3823 
 38235 
 38251 
 38283 
 3830 
 38479 
 3893 
 39327 
 39385 
 39676 
 398 
 39800 
 39848 
 39929 
 39965 
 39985 
 4004 
 40087 
 402 
 403 
 40326 
 40470 
 4055 
 40585 
 40813 
 40896 
 4093 
 409301 
 4096 
 4101 
 4109 
 4115 
 412 
 4130 
 41368 
 41381 
 41385 
 41428 
 41478 
 415267 
 4156 
 4169 
 4173 
 422111 
 4243 
 42540 
 42586 
 4284 
 42948 
 43079 
 43234 
 433294 
 43815 
 439196 
 439504 
 439625 
 4407718 
 440917 
 44093 
 441071 
 441145 
 441305 
 4420 
 442021 
 442400 
 442495 
 443031 
 443059 
 443162 
 443369 
 443495 
 443629 
 444266 
 44465 
 444795 
 444972 
 445070 
 445434 
 445639 
 445925 
 446094 
 446512 
 447466 
 4477 
 4490623 
 4510 
 451741 
 4539 
 454 
 4560140 
 456201 
 4583 
 4584 
 460 
 4618 
 4632 
 4684 
 4685 
 4690 
 469625 
 47326 
 47491 
 47576 
 4767 
 47759 
 47866 
 47898 
 4790 
 4793 
 47938 
 4794 
 4807 
 48132 
 4873 
 4928 
 4929 
 4931 
 4933 
 4936 
 4937 
 4944 
 4947 
 49833 
 50367 
 50465 
 50516 
 5053 
 5054 
 5062352 
 5075889 
 50897 
 50980 
 5111791 
 5125 
 5143 
 5150303 
 51556 
 51605 
 516859 
 516892 
 516902 
 516951 
 517055 
 517121 
 517165 
 517202 
 518275 
 518682 
 5216 
 5234 
 5235 
 5237 
 524223 
 5266 
 527 
 5280440 
 5281 
 5281045 
 5281167 
 5281303 
 5281547 
 5281548 
 5281555 
 5281872 
 5281873 
 5281874 
 5281875 
 5282253 
 5282379 
 5284359 
 5284376 
 5284406 
 5284461 
 5284462 
 5284469 
 5284478 
 5284483 
 5284484 
 5284498 
 5284619 
 5289394 
 529495 
 52997 
 52999 
 5320807 
 53232 
 5324279 
 5324280 
 5327 
 5329 
 533728 
 5344 
 5352425 
 5353395 
 5353424 
 5353758 
 5353844 
 5353959 
 5355863 
 5356392 
 5357179 
 5359268 
 53597 
 5359965 
 5360521 
 5360962 
 5361043 
 5362487 
 5362527 
 5363265 
 5364079 
 5364361 
 5364932 
 5366286 
 5366415 
 5366546 
 5368008 
 5369990 
 5371560 
 5371562 
 5371578 
 5371904 
 5377784 
 5377791 
 5383 
 5388962 
 5392 
 5430 
 54382 
 54454 
 5447 
 5453 
 5455 
 5458294 
 5460467 
 5463781 
 5468826 
 54738 
 54739 
 54740 
 54778 
 5485188 
 5486793 
 5489265 
 54901 
 5493321 
 5538 
 5541 
 5543 
 5558 
 5564 
 5569 
 5570 
 560193 
 56160 
 5641 
 568 
 5702077 
 5702243 
 5702264 
 572296 
 5727 
 5756 
 5757 
 5759 
 5794 
 579619 
 5801 
 5821911 
 583586 
 5842000 
 5851245 
 5853 
 5859 
 5862 
 5870 
 5889 
 5889665 
 5897 
 5921 
 5931 
 594 
 5943 
 5948 
 5954 
 5959 
 5962 
 5971 
 5976 
 5991 
 5993 
 5994 
 6 
 6028 
 6049 
 6051 
 6061 
 60823 
 6099 
 61021 
 6108 
 61103 
 6113 
 6115 
 612 
 6124 
 61247 
 61249 
 61286 
 6129 
 61300 
 6137 
 6143 
 6144 
 61585 
 61697 
 6173 
 61828 
 6184 
 6191 
 61938 
 61948 
 6197 
 62010 
 62037 
 62067 
 62097 
 6212 
 6214 
 62155 
 6227 
 62276 
 6228 
 6230 
 62389 
 62431 
 62478 
 6265 
 6269 
 6270 
 62738 
 6276 
 62773 
 6278 
 62781 
 62827 
 6294 
 6295 
 6296 
 6297 
 6318 
 6323 
 6326 
 6327 
 6333 
 6336 
 6342 
 6343 
 6344 
 6348 
 6354 
 6356 
 6359 
 6363 
 6365 
 6366 
 6367 
 6374 
 6375 
 637511 
 637566 
 6378 
 6379 
 638011 
 638012 
 638081 
 638144 
 638186 
 6385 
 6386 
 6388 
 6394 
 6395 
 6405 
 6406 
 6407 
 6410 
 6416 
 6417 
 6418 
 6419 
 6421 
 642197 
 6423 
 643460 
 643779 
 643833 
 6466 
 6478 
 6491 
 6492 
 6497 
 6505 
 6511 
 65174 
 6518 
 6527 
 6531 
 6535 
 6540 
 6543 
 6544 
 6549 
 6556 
 6557 
 6558 
 6559 
 6560 
 6564 
 656671 
 6568 
 6570 
 6572 
 6573 
 6574 
 6575 
 6579 
 6580 
 6581 
 6584 
 6585 
 6590 
 6597 
 66 
 6616 
 6618 
 6619 
 6621 
 6623 
 6624 
 6629 
 6636 
 6643 
 6654 
 6658 
 66601 
 66666 
 6670 
 6693 
 67180 
 6719 
 6720 
 6732 
 6734 
 6739 
 674 
 67542 
 6758 
 6780 
 6781 
 67815 
 67818 
 6782 
 6786 
 6787 
 679 
 6794 
 6799 
 6805 
 6809 
 6810 
 6811 
 6819 
 6824 
 68245 
 6838 
 6849 
 6853 
 6854 
 6860 
 6862 
 6896 
 6899 
 6901 
 6909 
 6914 
 6917 
 6931 
 6942 
 6944 
 6945 
 6946 
 6947 
 6950 
 6954 
 6977 
 6979 
 697993 
 6988 
 6989 
 6998 
 700 
 7000 
 7003 
 7005 
 7013 
 7017 
 702 
 7026 
 7040 
 7044 
 7047 
 7048 
 7070 
 7095 
 7104 
 7111 
 712 
 7127 
 7153 
 7158 
 7161 
 71645 
 7173 
 7175 
 7184 
 71905 
 7198 
 7204 
 7206 
 7207 
 7220 
 7237 
 7239 
 72395 
 7240 
 7242 
 7243 
 7244 
 7245 
 7247 
 7249 
 7252 
 7255 
 7258 
 7261 
 7267 
 727 
 7270 
 7271 
 7274 
 7276 
 7280 
 7285 
 7288 
 7294 
 7295 
 7305 
 7321 
 73226 
 7328 
 73281 
 73282 
 7343 
 7344 
 7352 
 7354 
 7361 
 7362 
 736366 
 7367 
 73672 
 73673 
 73674 
 7369 
 7372 
 7390 
 7393 
 7394 
 7406 
 7410 
 7412 
 7416 
 7422 
 7423 
 7430 
 7434 
 7443 
 7444 
 74483 
 7456 
 7463 
 7468 
 7471 
 7473 
 7474 
 7475 
 7489 
 7492 
 7497 
 7500 
 7501 
 7504 
 7505 
 7509 
 75103 
 7511 
 7516 
 7522 
 753 
 7541 
 7547 
 7551 
 7560 
 7564 
 7565 
 757 
 7577 
 7579 
 7580 
 7583 
 7594 
 7618 
 7622 
 7628 
 7636 
 7668 
 768 
 7700 
 7705 
 7720 
 7725 
 7728 
 7732 
 7735 
 7757 
 7761 
 7762 
 7771 
 77797 
 7807 
 7808 
 7809 
 7810 
 7812 
 7813 
 7814 
 7819 
 7835 
 7838 
 7839 
 784 
 7840 
 7841 
 7845 
 7847 
 7848 
 785 
 7850 
 7852 
 7853 
 7854 
 7855 
 7858 
 7859 
 7860 
 7863 
 7865 
 7870 
 7873 
 7881 
 7895 
 7896 
 7900 
 7904 
 7910 
 7914 
 7923 
 7929 
 7932 
 7933 
 7934 
 7947 
 7948 
 7954 
 7956 
 7958 
 7962 
 7963 
 7964 
 7966 
 7967 
 7969 
 7970 
 7975 
 7977 
 7991 
 7997 
 8001 
 8002 
 8003 
 8005 
 8007 
 8010 
 8012 
 8019 
 8021 
 80277 
 8028 
 8029 
 8034 
 8038 
 8051 
 8054 
 8058 
 8063 
 8064 
 8066 
 8074 
 8075 
 8076 
 8078 
 8079 
 8083 
 8086 
 8087 
 8093 
 8094 
 8095 
 8102 
 8103 
 8110 
 8113 
 8115 
 8117 
 8121 
 8128 
 8129 
 8130 
 8133 
 8134 
 8146 
 8147 
 8150 
 8158 
 8160 
 8163 
 8165 
 8172 
 8175 
 8177 
 8178 
 8179 
 8184 
 8190 
 8193 
 8200 
 8207 
 8215 
 8227 
 8265 
 8266 
 8267 
 8268 
 8285 
 8289 
 8292 
 8294 
 8295 
 8305 
 8330 
 8342 
 8343 
 8346 
 8360 
 8370 
 8376 
 8378 
 8379 
 8393 
 83975 
 84029 
 84098 
 8413 
 8418 
 8425 
 8427 
 8434 
 8441 
 8442 
 8449 
 8461 
 8466 
 8467 
 8471 
 8478 
 8479 
 8489 
 8490 
 8492 
 8530 
 8554 
 8560 
 85689 
 8569 
 8570 
 8571 
 8572 
 8577 
 8578 
 8594 
 8606 
 8607 
 86102 
 86132 
 8617 
 86173 
 8620 
 86222 
 86233 
 86298 
 8635 
 86354 
 86356 
 86367 
 86398 
 8640 
 86412 
 86426 
 86429 
 86453 
 8663 
 867 
 8693 
 8697 
 8722 
 8738 
 8758 
 8779 
 878 
 8783 
 8795 
 8800 
 88045 
 8809 
 8814 
 8821 
 8842 
 8843 
 8846 
 8853 
 8857 
 8858 
 8864 
 887 
 8881 
 8892 
 8895 
 8900 
 8902 
 8908 
 8909 
 8914 
 8923 
 89440 
 8947 
 89594 
 9011 
 9015 
 9016 
 9033 
 9037 
 9106 
 9117 
 9144 
 91462 
 91497 
 91518 
 9153 
 9154 
 91590 
 91655 
 91688 
 91696 
 91699 
 9171 
 91731 
 91739 
 91741 
 91744 
 91751 
 91752 
 91753 
 91754 
 91757 
 91758 
 91759 
 91766 
 91770 
 91773 
 91776 
 91778 
 91779 
 9181 
 9237 
 92431 
 92433 
 9253 
 9265 
 9268 
 9271 
 9272 
 9275 
 92839 
 92851 
 9298 
 9300 
 931 
 9317 
 9321 
 93315 
 93357 
 93379 
 93516 
 93539 
 93542 
 938 
 9411 
 9414 
 944 
 9477 
 949 
 9492 
 9502 
 9507 
 9554 
 957 
 9590 
 9609 
 969491 
 9731 
 980 
 9864 
 991 
 992 
 995 
 996 
